0 0.8671875 0.80078125 0.1640625 0.3765625
0 0.11640625 0.79375 0.1578125 0.3765625
0 0.4203125 0.79375 0.15078125 0.3765625
0 0.71328125 0.8015625 0.1578125 0.38515625
0 0.26875 0.79609375 0.15625 0.38046875
0 0.8171875 0.41484375 0.1390625 0.3453125
0 0.56953125 0.79296875 0.14609375 0.3828125
0 0.546875 0.41640625 0.1359375 0.3421875
0 0.12734375 0.41328125 0.14296875 0.33359375
0 0.26953125 0.4234375 0.14140625 0.33359375
0 0.41015625 0.4109375 0.1421875 0.3328125
0 0.67265625 0.40703125 0.13671875 0.33203125