1 0.32578125 0.8265625 0.24375 0.34296875
1 0.32578125 0.51875 0.1859375 0.284375
1 0.49921875 0.65078125 0.19140625 0.3484375
1 0.70625 0.69765625 0.24140625 0.3484375
1 0.31953125 0.29765625 0.17734375 0.18359375
1 0.48828125 0.38046875 0.178125 0.1921875
1 0.6625 0.42890625 0.175 0.1890625
1 0.7828125 0.390625 0.16328125 0.29140625
1 0.72890625 0.18515625 0.14296875 0.13671875
1 0.6109375 0.26484375 0.15625 0.15078125
1 0.584375 0.1265625 0.14765625 0.125
1 0.45859375 0.2109375 0.15390625 0.14921875