0 0.88515625 0.49921875 0.1171875 0.23828125
0 0.665625 0.7671875 0.10234375 0.23671875
0 0.68203125 0.490625 0.09453125 0.2265625
0 0.67578125 0.19921875 0.1140625 0.24453125
0 0.553125 0.759375 0.08359375 0.2140625
0 0.78359375 0.49609375 0.1078125 0.2328125
0 0.7796875 0.20078125 0.11640625 0.246875
0 0.76015625 0.784375 0.1109375 0.22265625
0 0.58828125 0.49609375 0.10078125 0.21484375
0 0.4671875 0.2015625 0.10078125 0.2375
0 0.1765625 0.4734375 0.07890625 0.21328125
0 0.09140625 0.471875 0.08671875 0.2109375
0 0.1984375 0.7265625 0.0984375 0.21953125
0 0.46640625 0.7640625 0.09296875 0.20546875
0 0.37890625 0.75390625 0.090625 0.20703125
0 0.57421875 0.20234375 0.10390625 0.2375
0 0.89375 0.196875 0.11875 0.25234375
0 0.62421875 0.95859375 0.09609375 0.08203125
0 0.7421875 0.96484375 0.09765625 0.06953125
0 0.28046875 0.19453125 0.1015625 0.22890625
0 0.29609375 0.7390625 0.090625 0.20078125
0 0.3671875 0.2015625 0.09453125 0.23359375
0 0.534375 0.95078125 0.08984375 0.09140625
0 0.40625 0.48515625 0.09453125 0.2234375
0 0.3203125 0.48203125 0.09296875 0.2171875
0 0.18125 0.93515625 0.08671875 0.12734375
0 0.23828125 0.4796875 0.1 0.21484375
0 0.1828125 0.1953125 0.08828125 0.23046875
0 0.35 0.9453125 0.09296875 0.10859375
0 0.09453125 0.19609375 0.0875 0.221875
0 0.43984375 0.95078125 0.0921875 0.0984375
0 0.87109375 0.79375 0.09609375 0.21171875
0 0.11484375 0.72109375 0.1046875 0.2140625
0 0.27109375 0.9421875 0.0890625 0.115625
0 0.4953125 0.49140625 0.10234375 0.2125
0 0.1109375 0.9375 0.084375 0.125
0 0.8390625 0.96875 0.08046875 0.0625