0 0.08984375 0.60546875 0.1796875 0.2734375
0 0.24609375 0.275 0.165625 0.26875
0 0.29921875 0.5625 0.1546875 0.25625
0 0.3796875 0.85859375 0.1796875 0.2796875
0 0.36328125 0.25390625 0.140625 0.240625
0 0.19453125 0.58203125 0.16875 0.265625
0 0.271875 0.87109375 0.18125 0.2578125
0 0.14453125 0.28203125 0.1703125 0.25625
0 0.39375 0.5328125 0.1578125 0.2453125
0 0.59296875 0.80390625 0.1640625 0.26875
0 0.8203125 0.45078125 0.1359375 0.2390625
0 0.90859375 0.43046875 0.1421875 0.2375
0 0.73359375 0.196875 0.15625 0.25
0 0.45 0.22734375 0.1484375 0.234375
0 0.5421875 0.21484375 0.1453125 0.234375
0 0.4828125 0.8296875 0.1671875 0.2703125
0 0.15703125 0.8859375 0.1859375 0.228125
0 0.24140625 0.08046875 0.1125 0.0828125
0 0.1203125 0.1046875 0.1125 0.071875
0 0.78515625 0.76328125 0.1625 0.259375
0 0.63125 0.209375 0.14375 0.228125
0 0.6953125 0.778125 0.15625 0.2625
0 0.33671875 0.0640625 0.1109375 0.0953125
0 0.5828125 0.496875 0.153125 0.253125
0 0.671875 0.478125 0.1515625 0.2453125
0 0.7015625 0.028125 0.115625 0.05625
0 0.75546875 0.46015625 0.1578125 0.2453125
0 0.88515625 0.7375 0.1484375 0.2578125
0 0.5265625 0.0390625 0.115625 0.078125
0 0.95078125 0.7140625 0.0984375 0.25
0 0.43359375 0.0453125 0.1140625 0.090625
0 0.05234375 0.3 0.1046875 0.240625
0 0.82109375 0.18203125 0.1625 0.2453125
0 0.6078125 0.0328125 0.115625 0.065625
0 0.490625 0.51328125 0.159375 0.24375
0 0.77265625 0.01640625 0.1109375 0.0328125
0 0.0328125 0.125 0.065625 0.059375