0 0.10546875 0.50546875 0.1265625 0.25
0 0.32890625 0.2234375 0.1109375 0.2484375
0 0.315625 0.51015625 0.103125 0.2375
0 0.328125 0.8125 0.121875 0.2546875
0 0.4453125 0.22890625 0.090625 0.2234375
0 0.2109375 0.50625 0.115625 0.24375
0 0.21953125 0.8125 0.125 0.2578125
0 0.2296875 0.2078125 0.1203125 0.2328125
0 0.41328125 0.503125 0.1078125 0.225
0 0.54453125 0.80625 0.109375 0.2484375
0 0.840625 0.51875 0.0859375 0.221875
0 0.93046875 0.51875 0.09375 0.2203125
0 0.8140625 0.25703125 0.10625 0.2296875
0 0.53515625 0.22265625 0.1 0.215625
0 0.6265625 0.23125 0.096875 0.2171875
0 0.43359375 0.8078125 0.1125 0.2484375
0 0.1015625 0.81875 0.1265625 0.2640625
0 0.36796875 0.034375 0.1 0.065625
0 0.2453125 0.03046875 0.103125 0.053125
0 0.73828125 0.81015625 0.109375 0.2390625
0 0.7125 0.2453125 0.0984375 0.2109375
0 0.6484375 0.8046875 0.1015625 0.24375
0 0.4625 0.03984375 0.0953125 0.0796875
0 0.60234375 0.51171875 0.1015625 0.234375
0 0.6921875 0.5125 0.1015625 0.2265625
0 0.82890625 0.05390625 0.0921875 0.1078125
0 0.7765625 0.5140625 0.1078125 0.225
0 0.83984375 0.80703125 0.096875 0.240625
0 0.65234375 0.04453125 0.0984375 0.0890625
0 0.93125 0.80546875 0.0953125 0.23125
0 0.56015625 0.040625 0.0984375 0.08125
0 0.1140625 0.2 0.103125 0.221875
0 0.9015625 0.2609375 0.1125 0.2234375
0 0.73515625 0.0484375 0.0953125 0.096875
0 0.51015625 0.50625 0.109375 0.221875
0 0.90078125 0.05078125 0.0890625 0.1015625
0 0.14453125 0.028125 0.084375 0.0453125