0 0.90546875 0.40390625 0.175 0.27890625
0 0.76953125 0.3828125 0.146875 0.246875
0 0.83984375 0.6484375 0.11875 0.1796875
0 0.65703125 0.31328125 0.096875 0.1796875
0 0.48515625 0.52734375 0.49296875 0.9453125
0 0.88984375 0.2328125 0.115625 0.0640625
0 0.596875 0.078125 0.21171875 0.1484375
0 0.7859375 0.04140625 0.17421875 0.0828125
0 0.1921875 0.08984375 0.24609375 0.16875
0 0.390625 0.03125 0.215625 0.0625
0 0.06796875 0.09765625 0.1359375 0.1875
0 0.21484375 0.36015625 0.0890625 0.103125
0 0.21953125 0.278125 0.09453125 0.053125