0 0.11953125 0.70234375 0.2296875 0.3203125
0 0.25234375 0.6921875 0.2109375 0.2859375
0 0.11484375 0.4421875 0.165625 0.2109375
0 0.38359375 0.73359375 0.1421875 0.2046875
0 0.5046875 0.5 0.73125 1
0 0.16953125 0.8734375 0.1328125 0.09375
0 0.5015625 0.9265625 0.246875 0.146875
0 0.3203125 0.98828125 0.190625 0.0234375
0 0.8828125 0.83203125 0.234375 0.2140625
0 0.72109375 0.9390625 0.2265625 0.09375
0 0.9703125 0.79375 0.059375 0.2
0 0.81796875 0.575 0.115625 0.1265625
0 0.834375 0.659375 0.1078125 0.0765625