0 0.90625 0.375 0.1875 0.296875
0 0.7703125 0.3625 0.1640625 0.2625
0 0.85703125 0.63203125 0.1328125 0.1921875
0 0.65078125 0.296875 0.109375 0.190625
0 0.4828125 0.51171875 0.559375 0.9765625
0 0.8859375 0.2015625 0.1234375 0.071875
0 0.57421875 0.06875 0.2265625 0.1375
0 0.76796875 0.02734375 0.1828125 0.0546875
0 0.1578125 0.09765625 0.2625 0.1734375
0 0.359375 0.0296875 0.2234375 0.05625
0 0.0515625 0.1125 0.103125 0.184375
0 0.196875 0.36875 0.096875 0.1109375
0 0.196875 0.28359375 0.1 0.059375