0 0.1703125 0.5359375 0.3375 0.4953125
0 0.45703125 0.52109375 0.278125 0.4765625
0 0.725 0.51796875 0.3046875 0.471875
0 0.90390625 0.51875 0.19140625 0.46640625
0 0.19453125 0.27265625 0.278125 0.23359375
0 0.453125 0.259375 0.23515625 0.2171875
0 0.70703125 0.25625 0.2453125 0.21796875
0 0.9046875 0.253125 0.14296875 0.2171875
0 0.2875 0.9546875 0.19375 0.090625
0 0.484375 0.953125 0.19296875 0.09375
0 0.67109375 0.94921875 0.18125 0.1015625
0 0.84609375 0.94609375 0.171875 0.1078125
0 0.96875 0.9421875 0.06171875 0.1109375