0 0.47265625 0.1265625 0.1546875 0.253125
0 0.15859375 0.65859375 0.184375 0.2625
0 0.33046875 0.89140625 0.1640625 0.2171875
0 0.51484375 0.8859375 0.1609375 0.228125
0 0.32421875 0.63984375 0.1625 0.25625
0 0.87890625 0.865625 0.1796875 0.2375
0 0.16484375 0.89765625 0.1734375 0.2046875
0 0.81171875 0.10703125 0.1703125 0.2140625
0 0.63984375 0.11953125 0.1578125 0.2390625
0 0.82890625 0.34921875 0.1734375 0.2546875
0 0.6625 0.36328125 0.153125 0.246875
0 0.70078125 0.878125 0.165625 0.23125
0 0.29921875 0.134375 0.1609375 0.2546875
0 0.31484375 0.3859375 0.1578125 0.2421875
0 0.50390625 0.63828125 0.15625 0.2609375
0 0.865625 0.6109375 0.1734375 0.2609375
0 0.6796875 0.62265625 0.1640625 0.25625
0 0.1203125 0.14140625 0.1734375 0.2515625
0 0.4921875 0.36796875 0.1484375 0.2328125
0 0.1390625 0.3921875 0.1734375 0.2453125