0 0.50859375 0.1359375 0.13671875 0.2453125
0 0.17890625 0.6359375 0.16484375 0.24453125
0 0.3328125 0.884375 0.14765625 0.23125
0 0.51015625 0.88359375 0.14453125 0.2328125
0 0.3390625 0.62578125 0.1453125 0.23984375
0 0.86171875 0.8796875 0.1609375 0.2375
0 0.17265625 0.8859375 0.15703125 0.228125
0 0.83515625 0.11875 0.1515625 0.2375
0 0.6703125 0.13359375 0.140625 0.2390625
0 0.83984375 0.37109375 0.15390625 0.23828125
0 0.67890625 0.3765625 0.13515625 0.23046875
0 0.68828125 0.8828125 0.1484375 0.234375
0 0.340625 0.1375 0.1421875 0.23828125
0 0.3421875 0.38125 0.14140625 0.2265625
0 0.5125 0.6328125 0.1375 0.24375
0 0.8609375 0.625 0.15546875 0.24375
0 0.68125 0.62734375 0.1453125 0.23984375
0 0.16875 0.13359375 0.1546875 0.23828125
0 0.5140625 0.37265625 0.13125 0.21796875
0 0.1734375 0.37734375 0.1546875 0.22890625