0 0.4828125 0.11640625 0.171875 0.2328125
0 0.18359375 0.67109375 0.20625 0.2828125
0 0.37578125 0.89296875 0.1828125 0.2140625
0 0.56796875 0.8828125 0.1796875 0.234375
0 0.35546875 0.64140625 0.184375 0.275
0 0.92421875 0.84140625 0.1515625 0.2453125
0 0.20234375 0.90390625 0.1921875 0.1921875
0 0.83671875 0.0875 0.1859375 0.175
0 0.65859375 0.10390625 0.1734375 0.2078125
0 0.86796875 0.309375 0.19375 0.2734375
0 0.69375 0.334375 0.171875 0.2640625
0 0.7609375 0.8640625 0.184375 0.2375
0 0.30234375 0.13125 0.1765625 0.2390625
0 0.33125 0.37734375 0.178125 0.259375
0 0.54375 0.6296875 0.1765625 0.2796875
0 0.9109375 0.58125 0.178125 0.28125
0 0.725 0.60390625 0.184375 0.275
0 0.11640625 0.14921875 0.1890625 0.2375
0 0.51640625 0.3484375 0.1671875 0.25
0 0.1484375 0.3921875 0.19375 0.2640625