0 0.10546875 0.58828125 0.2109375 0.4046875
0 0.9046875 0.425 0.190625 0.39375
0 0.43359375 0.52265625 0.2359375 0.3953125
0 0.603125 0.4921875 0.2515625 0.4125
0 0.2578125 0.55546875 0.2453125 0.4
0 0.871875 0.07109375 0.128125 0.1421875
1 0.18203125 0.184375 0.2015625 0.171875
0 0.77265625 0.45859375 0.2453125 0.40625
1 0.359375 0.1546875 0.1953125 0.16875
1 0.7078125 0.0953125 0.190625 0.165625
0 0.63828125 0.12421875 0.0703125 0.10625
1 0.53671875 0.121875 0.2 0.171875
1 0.05078125 0.21015625 0.1015625 0.1609375