0 0.08984375 0.5140625 0.1796875 0.35234375
0 0.890625 0.5109375 0.1609375 0.3453125
0 0.421875 0.5125 0.15546875 0.3421875
0 0.58203125 0.515625 0.16796875 0.35625
0 0.25625 0.5125 0.16484375 0.3453125
0 0.93203125 0.12109375 0.13046875 0.24140625
1 0.25390625 0.1609375 0.1640625 0.13046875
0 0.74140625 0.51484375 0.16328125 0.35078125
1 0.41953125 0.165625 0.159375 0.128125
1 0.746875 0.17265625 0.1546875 0.1265625
0 0.67734375 0.18671875 0.0484375 0.090625
1 0.5859375 0.16640625 0.1640625 0.1296875
1 0.0859375 0.15625 0.1625 0.1234375