0 0.34765625 0.2609375 0.178125 0.3390625
0 0.2 0.221875 0.2359375 0.38125
0 0.51171875 0.5546875 0.4109375 0.890625
0 0.69375 0.25703125 0.1171875 0.2859375
0 0.221875 0.73359375 0.1421875 0.1390625
0 0.04765625 0.27109375 0.084375 0.25
0 0.81875 0.2953125 0.2390625 0.353125
0 0.91875 0.3015625 0.1625 0.315625
0 0.0671875 0.54375 0.134375 0.15
0 0.27109375 0.5578125 0.1203125 0.1515625
0 0.81171875 0.56484375 0.1109375 0.0703125
0 0.9046875 0.60546875 0.1671875 0.1359375
0 0.95703125 0.609375 0.08125 0.1296875
0 0.57578125 0.08828125 0.13125 0.0625
0 0.40703125 0.06875 0.1140625 0.071875
0 0.2390625 0.02421875 0.13125 0.0484375
0 0.053125 0.14921875 0.0875 0.2984375
0 0.9421875 0.1265625 0.115625 0.096875
0 0.79921875 0.13828125 0.1265625 0.175
0 0.7328125 0.08359375 0.1015625 0.071875
0 0.51953125 0.0390625 0.1046875 0.04375
0 0.0390625 0.70390625 0.078125 0.1359375
0 0.12734375 0.71171875 0.1015625 0.1234375