0 0.66328125 0.26328125 0.15078125 0.30859375
0 0.803125 0.23359375 0.20234375 0.34609375
0 0.49609375 0.55625 0.3421875 0.86640625
0 0.3421875 0.2421875 0.0953125 0.2625
0 0.7578125 0.70859375 0.12734375 0.12421875
0 0.95546875 0.2890625 0.0890625 0.23046875
0 0.2234375 0.271875 0.20703125 0.31875
0 0.1 0.2734375 0.19609375 0.28515625
0 0.91484375 0.53984375 0.1265625 0.1328125
0 0.7203125 0.54296875 0.10546875 0.13515625
0 0.21640625 0.52265625 0.1 0.06015625
0 0.12890625 0.55625 0.15 0.11953125
0 0.05703125 0.5578125 0.1140625 0.11796875
0 0.46015625 0.09140625 0.11953125 0.05234375
0 0.61796875 0.08203125 0.10390625 0.06171875
0 0.77578125 0.04453125 0.11953125 0.046875
0 0.9546875 0.165625 0.08984375 0.290625
0 0.1046875 0.109375 0.1265625 0.084375
0 0.24921875 0.12734375 0.10859375 0.1578125
0 0.31328125 0.07890625 0.09140625 0.06171875
0 0.5140625 0.04921875 0.09609375 0.0359375
0 0.94765625 0.690625 0.1015625 0.1234375
0 0.84609375 0.69375 0.0890625 0.11015625