0 0.653125 0.753125 0.15625 0.3203125
0 0.7984375 0.78359375 0.209375 0.359375
0 0.47890625 0.45 0.3546875 0.9
0 0.31875 0.775 0.1 0.271875
0 0.75078125 0.290625 0.13125 0.128125
0 0.9546875 0.72734375 0.090625 0.2375
0 0.1953125 0.74453125 0.215625 0.33125
0 0.084375 0.74296875 0.16875 0.296875
0 0.91484375 0.465625 0.13125 0.1375
0 0.7125 0.4625 0.109375 0.140625
0 0.18828125 0.48359375 0.103125 0.0625
0 0.096875 0.44921875 0.15625 0.1234375
0 0.040625 0.4484375 0.08125 0.121875
0 0.44140625 0.93125 0.125 0.053125
0 0.60546875 0.94140625 0.1078125 0.0640625
0 0.76875 0.978125 0.125 0.04375
0 0.9546875 0.8515625 0.090625 0.296875
0 0.071875 0.91328125 0.13125 0.0875
0 0.22265625 0.89453125 0.1125 0.1640625
0 0.2890625 0.94453125 0.09375 0.0640625
0 0.49765625 0.97578125 0.1 0.0375
0 0.946875 0.3109375 0.10625 0.128125
0 0.84296875 0.30625 0.09375 0.1140625