0 0.81171875 0.50703125 0.225 0.5015625
0 0.896875 0.553125 0.20625 0.546875
0 0.72265625 0.47578125 0.23125 0.5203125
0 0.13828125 0.34453125 0.2765625 0.6109375
0 0.63671875 0.45234375 0.2359375 0.5390625
0 0.403125 0.4 0.25625 0.58125
0 0.7078125 0.66171875 0.0578125 0.0796875
0 0.5203125 0.4359375 0.275 0.609375
0 0.6265625 0.6203125 0.075 0.1171875
0 0.57421875 0.62734375 0.1203125 0.1625
0 0.19609375 0.4828125 0.1125 0.278125
0 0.2765625 0.371875 0.29375 0.6078125
0 0.834375 0.11953125 0.1078125 0.1171875
0 0.7578125 0.0953125 0.10625 0.1078125
0 0.67578125 0.06875 0.1109375 0.0984375
0 0.5890625 0.04140625 0.1125 0.0828125
0 0.5015625 0.0265625 0.10625 0.053125