0 0.79296875 0.56796875 0.10703125 0.4765625
0 0.9171875 0.553125 0.1453125 0.5125
0 0.70234375 0.5765625 0.10859375 0.49375
0 0.11640625 0.56171875 0.13984375 0.578125
0 0.615625 0.57890625 0.10859375 0.51328125
0 0.3828125 0.57265625 0.11953125 0.55234375
0 0.73125 0.396875 0.04140625 0.06875
0 0.5015625 0.56640625 0.1328125 0.578125
0 0.6453125 0.4171875 0.04921875 0.10546875
0 0.59765625 0.3984375 0.0859375 0.14140625
0 0.20625 0.4453125 0.046875 0.26796875
0 0.25703125 0.56953125 0.15078125 0.571875
0 0.72421875 0.9453125 0.08359375 0.10859375
0 0.64609375 0.95 0.084375 0.1
0 0.56328125 0.95625 0.09140625 0.0875
0 0.4734375 0.96328125 0.096875 0.0734375
0 0.38515625 0.965625 0.09296875 0.0625