0 0.23984375 0.3734375 0.2328125 0.5171875
0 0.125 0.35546875 0.25 0.5640625
0 0.3359375 0.38828125 0.2375 0.5359375
0 0.89453125 0.5515625 0.2109375 0.628125
0 0.42578125 0.40703125 0.24375 0.55625
0 0.6640625 0.4734375 0.2640625 0.5984375
0 0.26015625 0.56484375 0.0609375 0.08125
0 0.540625 0.45 0.284375 0.6296875
0 0.35390625 0.56640625 0.078125 0.1203125
0 0.39765625 0.59765625 0.125 0.1671875
0 0.81328125 0.65 0.115625 0.2875
0 0.79296875 0.509375 0.3015625 0.628125
0 0.40625 0.034375 0.109375 0.06875
0 0.48671875 0.03984375 0.1078125 0.0796875
0 0.5734375 0.04453125 0.1125 0.0890625
0 0.66796875 0.05703125 0.1140625 0.0828125
0 0.7609375 0.0765625 0.1078125 0.0734375