52 92 110 48
52 140 110 48
52 188 110 48
52 236 110 48
52 284 110 48
52 332 110 48
52 380 110 48
52 428 110 48
52 476 110 48
52 524 110 48
52 572 110 48
52 620 110 48
162 92 110 48
162 140 110 48
162 188 110 48
162 236 110 48
162 284 110 48
162 332 110 48
162 380 110 48
162 428 110 48
162 476 110 48
162 524 110 48
162 572 110 48
162 620 110 48
400 90 110 48
400 138 110 48
400 186 110 48
400 234 110 48
400 282 110 48
400 330 110 48
400 378 110 48
400 426 110 48
400 522 110 48
400 570 110 48
400 618 110 48
510 90 110 48
510 138 110 48
510 186 110 48
510 234 110 48
510 282 110 48
510 330 110 48
510 378 110 48
510 426 110 48
510 522 110 48
510 570 110 48
510 618 110 48
750 90 110 48
750 138 110 48
750 186 110 48
750 234 110 48
750 282 110 48
750 330 110 48
750 378 110 48
750 426 110 48
750 474 110 48
750 522 110 48
750 570 110 48
750 618 110 48
910 138 110 48
910 186 110 48
910 234 110 48
910 282 110 48
910 330 110 48
910 378 110 48
910 426 110 48
910 474 110 48
910 522 110 48
910 570 110 48
910 618 110 48
